    unsorted:	 179.3193151 181.1009196 175.5906464 183.6975704 169.4276659 167.7455599 162.1256787 158.8869710 156.1519935 153.0303883 150.7535596 148.5506578 146.7294945 138.9014653 135.6187374 134.6116268 125.8871769 125.7166433 126.2413274 129.3602047 123.4189901 197.1777143 206.7447049 207.9747995 214.9830387 221.2834228 225.3388310 227.6262376 236.3186359 243.2916298 246.7887775 253.4129276 264.7693033 283.6255077 288.8059748 295.0115830 304.6212682 307.4318790 318.6501273 319.6549537 323.2307820 329.2741410 99.88887499 340.7467139 346.4630136 349.5567926 90.00130142 80.36258863 371.3493990 375.5775630 387.3527887 413.1419815 425.0308510 440.1274124 446.3015398 465.8492173 471.2506316 478.8579903 485.6279222 44.94431962 496.2770991 541.2341849 542.8464582 576.1950174 638.3031882 734.2155889 778.9426033 858.3755088 877.9322761 961.2151054 1046.679989 1086.249811 1360.728095 1399.573527 1485.532977 1501.236367 1712.564003 1819.218208 1971.033836 2185.639368 2447.645810 2625.079914 3303.466967 3377.757503 4513.330209 7362.285119 22969.28502 44227.85777 47121.86068 84749.38897 144296.5935
      sorted:	 44.94431962 80.36258863 90.00130142 99.88887499 123.4189901 125.7166433 125.8871769 126.2413274 129.3602047 134.6116268 135.6187374 138.9014653 146.7294945 148.5506578 150.7535596 153.0303883 156.1519935 158.8869710 162.1256787 167.7455599 169.4276659 175.5906464 179.3193151 181.1009196 183.6975704 197.1777143 206.7447049 207.9747995 214.9830387 221.2834228 225.3388310 227.6262376 236.3186359 243.2916298 246.7887775 253.4129276 264.7693033 283.6255077 288.8059748 295.0115830 304.6212682 307.4318790 318.6501273 319.6549537 323.2307820 329.2741410 340.7467139 346.4630136 349.5567926 371.3493990 375.5775630 387.3527887 413.1419815 425.0308510 440.1274124 446.3015398 465.8492173 471.2506316 478.8579903 485.6279222 496.2770991 541.2341849 542.8464582 576.1950174 638.3031882 734.2155889 778.9426033 858.3755088 877.9322761 961.2151054 1046.679989 1086.249811 1360.728095 1399.573527 1485.532977 1501.236367 1712.564003 1819.218208 1971.033836 2185.639368 2447.645810 2625.079914 3303.466967 3377.757503 4513.330209 7362.285119 22969.28502 44227.85777 47121.86068 84749.38897 144296.5935
