    unsorted:	 5.727632585 5.945494279 5.841647706 6.145664969 5.206618886 4.673403059 4.301379707 4.060318063 3.955729397 3.836851117 7.075981753 7.302561328 7.711976141 3.318769966 8.478716703 2.819989407 9.172745320 9.311364657 10.03473413 10.36561046 10.86305836 11.12063372 11.54257792 12.24853869 1.820484864 13.17955911 0.9707262686 0.6046071862 14.45791819 14.67739809 15.22729801 16.92956786 19.85979694 21.06741210 22.90818108 24.80734389 30.49577152 33.57001469 39.09337691 43.92597972 48.65820227 128.6124488 125.8954489 123.8359202 118.4650394 138.5357949 200.5929160 240.7639712 257.0387652 285.4564615 305.4342603 317.8716250 353.4681569 390.5230230 389.0271972 432.2256212 453.9703439 478.3482794 512.5376753 536.3184965 581.7029725 618.5709962 725.8827941 698.9075674 738.9494503 796.1486861 826.3189182 1025.184916 1045.560155 1177.601704 1255.607224 1348.833653 1362.325484 1403.938710 1612.563900 1657.258016 1811.873943 1789.390972 2039.343066 2304.707034 2583.726162 2787.809264 3040.348541 3220.672653 3684.720664 4133.566852 6191.771266 7396.221834 8050.814675 56810.04466 73425.77721 171826.3737 345218.7844
      sorted:	 0.6046071862 0.9707262686 1.820484864 2.819989407 3.318769966 3.836851117 3.955729397 4.060318063 4.301379707 4.673403059 5.206618886 5.727632585 5.841647706 5.945494279 6.145664969 7.075981753 7.302561328 7.711976141 8.478716703 9.172745320 9.311364657 10.03473413 10.36561046 10.86305836 11.12063372 11.54257792 12.24853869 13.17955911 14.45791819 14.67739809 15.22729801 16.92956786 19.85979694 21.06741210 22.90818108 24.80734389 30.49577152 33.57001469 39.09337691 43.92597972 48.65820227 118.4650394 123.8359202 125.8954489 128.6124488 138.5357949 200.5929160 240.7639712 257.0387652 285.4564615 305.4342603 317.8716250 353.4681569 389.0271972 390.5230230 432.2256212 453.9703439 478.3482794 512.5376753 536.3184965 581.7029725 618.5709962 698.9075674 725.8827941 738.9494503 796.1486861 826.3189182 1025.184916 1045.560155 1177.601704 1255.607224 1348.833653 1362.325484 1403.938710 1612.563900 1657.258016 1789.390972 1811.873943 2039.343066 2304.707034 2583.726162 2787.809264 3040.348541 3220.672653 3684.720664 4133.566852 6191.771266 7396.221834 8050.814675 56810.04466 73425.77721 171826.3737 345218.7844
