    unsorted:	 998.9836565 965.1178178 1049.757225 1065.072724 833.2967642 812.5679647 765.8193269 728.9826135 584.8579382 507.9105711 1192.946127 439.2211437 284.5312778 237.4594306 125.8845975 79.50859247 34.90559819 3.884782461 1338.699009 1523.243880 1623.876524 2252.256909 2715.431716 3000.735329 3415.462393 3738.649120 5243.783750 11683.24902 22024.56684 23022.98136 50132.27424 761756.4965
      sorted:	 3.884782461 34.90559819 79.50859247 125.8845975 237.4594306 284.5312778 439.2211437 507.9105711 584.8579382 728.9826135 765.8193269 812.5679647 833.2967642 965.1178178 998.9836565 1049.757225 1065.072724 1192.946127 1338.699009 1523.243880 1623.876524 2252.256909 2715.431716 3000.735329 3415.462393 3738.649120 5243.783750 11683.24902 22024.56684 23022.98136 50132.27424 761756.4965
