    unsorted:	 778.7519777 841.8515801 826.5949721 735.7928898 977.0399828 1015.650369 1069.833375 1080.692177 584.6517878 506.4954804 471.5502343 1208.425783 284.2660909 256.0569058 125.8846696 81.54074025 33.46252898 3.925126120 1354.756661 1517.566878 1684.722226 2308.620081 2736.656106 3018.432459 3493.931558 3828.447959 5338.634977 11521.50272 21982.46795 23042.38925 49154.99846 756515.3337
      sorted:	 3.925126120 33.46252898 81.54074025 125.8846696 256.0569058 284.2660909 471.5502343 506.4954804 584.6517878 735.7928898 778.7519777 826.5949721 841.8515801 977.0399828 1015.650369 1069.833375 1080.692177 1208.425783 1354.756661 1517.566878 1684.722226 2308.620081 2736.656106 3018.432459 3493.931558 3828.447959 5338.634977 11521.50272 21982.46795 23042.38925 49154.99846 756515.3337
