    unsorted:	 22.23965025 22.31269027 22.78280510 23.23353214 21.67793347 25.19486003 24.87635264 25.96148697 26.34916247 27.05077231 20.00362106 19.82404769 19.52093907 27.66836073 28.59183495 17.81912102 17.29421166 29.69907996 16.14418022 15.35124852 15.07591374 14.21717264 13.63491293 31.12377104 12.49122011 32.99119672 11.34172828 35.07236543 36.99873210 38.65931462 8.909797524 41.16347410 41.95052952 7.149513443 7.832319751 5.963266662 0.004934534668 0.004847334365 0.07387238904 0.07689452398 0.07182208790 0.09136344237 2.476152736 2.002831343 44.20654226 44.71125499 46.74639294 49.47004038 49.23627493 51.94723334 55.99121577 58.94967783 59.23532568 60.51258363 61.43651423 62.74836988 64.35630429 65.65166181 66.60989152 67.99484713 70.63990034 75.10940360 76.18799937 77.71949586 79.79511306 81.69482936 83.14303211 85.16426488 85.82414328 86.43424152 87.22649277 87.96770156 91.33333193 92.23423346 95.95817936 97.73740567 99.69919042 102.6972426 104.5856656 114.0097641 116.2540217 134.1576770 139.4859164 141.0201264 141.8102022 181.6048986 191.7457603 201.1640351 245.2648830 280.5088778 305.6444545 316.2104241 347.7342738 371.2797651 400.3713034 475.5941797 502.5057606 550.6151459 604.1964369 660.1977399 701.8481980 756.0186291 792.8260847 844.3483966 946.1654500 960.0903892 1025.442196 1070.224985 1092.594086 1176.268887 1253.899088 1318.278985 1333.802486 1431.846301 1478.975254 1540.155537 1605.964402 1657.634865 1753.972195 1782.337191 2361.915602 2421.438943 2549.976589 3026.314827 3163.947933 3297.594596 3822.072613 4133.441389 4500.343198 4962.801169 5414.215117 5778.790719 6479.587766 6837.429291 7806.702733 8255.657937 9922.987081 10674.08466 11731.31565 12278.24289 18613.64608 24393.99294 30514.93568 35784.84022 61875.58053 87573.54236 116522.5269 184655.3351 1130094.272 1421329.676 2604580.834 3447176.806 7725669.782
      sorted:	 0.004847334365 0.004934534668 0.07182208790 0.07387238904 0.07689452398 0.09136344237 2.002831343 2.476152736 5.963266662 7.149513443 7.832319751 8.909797524 11.34172828 12.49122011 13.63491293 14.21717264 15.07591374 15.35124852 16.14418022 17.29421166 17.81912102 19.52093907 19.82404769 20.00362106 21.67793347 22.23965025 22.31269027 22.78280510 23.23353214 24.87635264 25.19486003 25.96148697 26.34916247 27.05077231 27.66836073 28.59183495 29.69907996 31.12377104 32.99119672 35.07236543 36.99873210 38.65931462 41.16347410 41.95052952 44.20654226 44.71125499 46.74639294 49.23627493 49.47004038 51.94723334 55.99121577 58.94967783 59.23532568 60.51258363 61.43651423 62.74836988 64.35630429 65.65166181 66.60989152 67.99484713 70.63990034 75.10940360 76.18799937 77.71949586 79.79511306 81.69482936 83.14303211 85.16426488 85.82414328 86.43424152 87.22649277 87.96770156 91.33333193 92.23423346 95.95817936 97.73740567 99.69919042 102.6972426 104.5856656 114.0097641 116.2540217 134.1576770 139.4859164 141.0201264 141.8102022 181.6048986 191.7457603 201.1640351 245.2648830 280.5088778 305.6444545 316.2104241 347.7342738 371.2797651 400.3713034 475.5941797 502.5057606 550.6151459 604.1964369 660.1977399 701.8481980 756.0186291 792.8260847 844.3483966 946.1654500 960.0903892 1025.442196 1070.224985 1092.594086 1176.268887 1253.899088 1318.278985 1333.802486 1431.846301 1478.975254 1540.155537 1605.964402 1657.634865 1753.972195 1782.337191 2361.915602 2421.438943 2549.976589 3026.314827 3163.947933 3297.594596 3822.072613 4133.441389 4500.343198 4962.801169 5414.215117 5778.790719 6479.587766 6837.429291 7806.702733 8255.657937 9922.987081 10674.08466 11731.31565 12278.24289 18613.64608 24393.99294 30514.93568 35784.84022 61875.58053 87573.54236 116522.5269 184655.3351 1130094.272 1421329.676 2604580.834 3447176.806 7725669.782
