    unsorted:	 0.6515098991 0.5849874609 0.3409304227 0.1246543082 0.1188076525 0.02792694232 0.06460894463 0.7058391405 1.191369304 1.358962068 1.738336953 3.941394293 4.243823159 5.845476164 8.962074210 9.303586350 10.26417397 11.22845368 13.03670896 14.29288025 16.70842141 30.89823320 22.47728527 23.43147273 23.73379742 26.03526876 28.14898020 29.71630871 30.22377934 31.43641923 32.77639310 34.46547134 37.63992096 37.92609403 38.82552829 39.48508263 41.59956837 43.88272633 46.50402822 50.48944111 53.23979395 55.17503881 58.12099860 59.37070122 64.83083618 67.55385438 71.27554181 79.04218020 81.36562366 91.87401337 95.51186562 98.14038981 102.3891956 105.7251511 116.4004151 124.4413535 126.5876734 129.1222046 137.2105757 150.0194301 159.2206949 192.0850548 190.3670130 198.4858527 219.0727295 226.1982350 244.7719990 257.2813296 283.3654356 284.7205555 321.2960649 336.3456742 364.3028367 387.3787652 407.3404819 427.1086652 478.3000325 535.9919424 589.3375797 620.1312574 730.3834780 905.2618598 928.6225443 962.2079319 995.5985986 1161.341755 1228.409921 1425.875022 1438.152024 1513.326663 1621.635862 1796.773856 1950.578128 2076.909619 2322.741708 2593.303640 2724.084075 2917.461634 3163.700633 3308.905732 3849.525377 3906.670458 4349.926124 4997.548179 6013.380115 9333.860615 9872.422089 12849.50441 12402.31845 13303.88789 16276.00841 20239.69761 22773.69822 27882.91140 30421.65174 30144.86528 37055.12300 41968.82058 60266.48151 66999.00698 81815.76672 101470.4062 119447.3950 126523.0982 288005.0522 384508.6641 519814.1580 715969.2772 853562.7453 1409216.662 1460279.480 1591513.019 1917312.802
      sorted:	 0.02792694232 0.06460894463 0.1188076525 0.1246543082 0.3409304227 0.5849874609 0.6515098991 0.7058391405 1.191369304 1.358962068 1.738336953 3.941394293 4.243823159 5.845476164 8.962074210 9.303586350 10.26417397 11.22845368 13.03670896 14.29288025 16.70842141 22.47728527 23.43147273 23.73379742 26.03526876 28.14898020 29.71630871 30.22377934 30.89823320 31.43641923 32.77639310 34.46547134 37.63992096 37.92609403 38.82552829 39.48508263 41.59956837 43.88272633 46.50402822 50.48944111 53.23979395 55.17503881 58.12099860 59.37070122 64.83083618 67.55385438 71.27554181 79.04218020 81.36562366 91.87401337 95.51186562 98.14038981 102.3891956 105.7251511 116.4004151 124.4413535 126.5876734 129.1222046 137.2105757 150.0194301 159.2206949 190.3670130 192.0850548 198.4858527 219.0727295 226.1982350 244.7719990 257.2813296 283.3654356 284.7205555 321.2960649 336.3456742 364.3028367 387.3787652 407.3404819 427.1086652 478.3000325 535.9919424 589.3375797 620.1312574 730.3834780 905.2618598 928.6225443 962.2079319 995.5985986 1161.341755 1228.409921 1425.875022 1438.152024 1513.326663 1621.635862 1796.773856 1950.578128 2076.909619 2322.741708 2593.303640 2724.084075 2917.461634 3163.700633 3308.905732 3849.525377 3906.670458 4349.926124 4997.548179 6013.380115 9333.860615 9872.422089 12402.31845 12849.50441 13303.88789 16276.00841 20239.69761 22773.69822 27882.91140 30144.86528 30421.65174 37055.12300 41968.82058 60266.48151 66999.00698 81815.76672 101470.4062 119447.3950 126523.0982 288005.0522 384508.6641 519814.1580 715969.2772 853562.7453 1409216.662 1460279.480 1591513.019 1917312.802
