    unsorted:	 0.1614748596 0.3784036534 3.567371858 12.55609228 9.998628591 7.325422635 16.12474877 18.33783724 24.33693000 28.89976150 33.53205141 36.91289536 44.16306379 125.3379677 203.3398550 393.7614240 900.4761861 1188.853060 1632.193995 1855.559235 1981.718789 2869.042462 2994.368224 3615.315485 4455.820678 4923.791757 5498.743663 5917.365420 7419.450311 12775.68667 17439.47236 26930.25332 136580.5689 366243.4854
      sorted:	 0.1614748596 0.3784036534 3.567371858 7.325422635 9.998628591 12.55609228 16.12474877 18.33783724 24.33693000 28.89976150 33.53205141 36.91289536 44.16306379 125.3379677 203.3398550 393.7614240 900.4761861 1188.853060 1632.193995 1855.559235 1981.718789 2869.042462 2994.368224 3615.315485 4455.820678 4923.791757 5498.743663 5917.365420 7419.450311 12775.68667 17439.47236 26930.25332 136580.5689 366243.4854
