    unsorted:	 495.9284833 477.0326484 534.2429955 441.5725097 381.7509486 335.0256000 300.0810463 584.5436020 125.8877730 168.5088127 767.2488038 829.5808877 841.1579289 911.5681767 38.28758618 26.41940594 1156.637886 1164.017208 1314.474068 1491.832304 1816.697089 2344.585159 2331.412559 3467.339955 4568.156381 5652.863927
      sorted:	 26.41940594 38.28758618 125.8877730 168.5088127 300.0810463 335.0256000 381.7509486 441.5725097 477.0326484 495.9284833 534.2429955 584.5436020 767.2488038 829.5808877 841.1579289 911.5681767 1156.637886 1164.017208 1314.474068 1491.832304 1816.697089 2331.412559 2344.585159 3467.339955 4568.156381 5652.863927
