    unsorted:	 0.004934724026 0.1197748087 0.1106065694 0.1346115433 0.1581063188 0.4030457971 0.4091392676 0.5801915957 0.6483247406 0.7045722319 0.7477435550 0.8598580461 1.097777209 2.029735208 3.178743464 3.295232978 2.668193575 3.985246195 5.643789781 5.423246238 7.985063056 7.323650442 7.645711124 8.729959987 9.192199435 11.14621841 12.44068127 15.65158079 16.74501996 21.15534115 20.70256423 23.84544132 24.34037785 25.66706844 27.62983758 28.14045280 28.90898696 30.42389438 30.23249739 32.31047428 32.99074560 40.17592652 41.62384549 43.15786145 47.27946946 46.40408683 51.00715008 55.66449592 61.85163532 62.20967806 69.48184245 80.40815551 96.51754622 106.6781268 127.1229128 140.8105888 160.3524884 161.9777567 172.0890797 184.4329983 220.9212480 259.8694837 282.7357627 294.9704445 330.8596100 371.1525408 395.3365410 407.3404207 431.6257174 436.7230276 466.9017598 543.3277412 615.5959690 661.4638397 691.8241377 737.0767692 788.5479150 954.1049719 945.5611443 1084.730974 1105.762134 1206.990094 1393.229651 1426.383167 1437.187295 1555.893958 1669.693455 1871.613798 2017.188838 2079.403481 2223.043665 2569.657164 2628.472330 2751.233085 3268.582478 3219.752772 3581.922028 4108.253543 4519.332184 5815.422484 6100.686925 6962.853255 8393.613029 8723.988983 9451.256606 10668.98076 10965.30586 12531.01952 17415.29669 21072.22619 22663.61135 27432.43298 30452.85315 34409.22224 40991.52786 42574.78609 52998.83005 65700.33810 -61473.06543 81252.52620 102617.9810 131344.8767 129867.8829 182403.5501 357696.2118 680438.8444 815763.2766 1428881.945 1413775.587 1623993.581 923929464.3
      sorted:	 -61473.06543 0.004934724026 0.1106065694 0.1197748087 0.1346115433 0.1581063188 0.4030457971 0.4091392676 0.5801915957 0.6483247406 0.7045722319 0.7477435550 0.8598580461 1.097777209 2.029735208 2.668193575 3.178743464 3.295232978 3.985246195 5.423246238 5.643789781 7.323650442 7.645711124 7.985063056 8.729959987 9.192199435 11.14621841 12.44068127 15.65158079 16.74501996 20.70256423 21.15534115 23.84544132 24.34037785 25.66706844 27.62983758 28.14045280 28.90898696 30.23249739 30.42389438 32.31047428 32.99074560 40.17592652 41.62384549 43.15786145 46.40408683 47.27946946 51.00715008 55.66449592 61.85163532 62.20967806 69.48184245 80.40815551 96.51754622 106.6781268 127.1229128 140.8105888 160.3524884 161.9777567 172.0890797 184.4329983 220.9212480 259.8694837 282.7357627 294.9704445 330.8596100 371.1525408 395.3365410 407.3404207 431.6257174 436.7230276 466.9017598 543.3277412 615.5959690 661.4638397 691.8241377 737.0767692 788.5479150 945.5611443 954.1049719 1084.730974 1105.762134 1206.990094 1393.229651 1426.383167 1437.187295 1555.893958 1669.693455 1871.613798 2017.188838 2079.403481 2223.043665 2569.657164 2628.472330 2751.233085 3219.752772 3268.582478 3581.922028 4108.253543 4519.332184 5815.422484 6100.686925 6962.853255 8393.613029 8723.988983 9451.256606 10668.98076 10965.30586 12531.01952 17415.29669 21072.22619 22663.61135 27432.43298 30452.85315 34409.22224 40991.52786 42574.78609 52998.83005 65700.33810 81252.52620 102617.9810 129867.8829 131344.8767 182403.5501 357696.2118 680438.8444 815763.2766 1413775.587 1428881.945 1623993.581 923929464.3
