    unsorted:	 778.4773904 838.2879251 828.8461260 739.5903362 983.1252379 1018.770273 1072.215195 1086.957175 585.4204924 504.2728032 468.8086630 1201.619691 280.1768525 252.4304658 125.8846187 80.46014080 29.37978959 3.884547078 1350.177280 1508.980120 1684.245447 2308.356785 2734.353760 3017.337325 3488.585005 3817.533831 5336.303363 11548.11105 21926.38226 23076.44202 49205.54421 755333.9908
      sorted:	 3.884547078 29.37978959 80.46014080 125.8846187 252.4304658 280.1768525 468.8086630 504.2728032 585.4204924 739.5903362 778.4773904 828.8461260 838.2879251 983.1252379 1018.770273 1072.215195 1086.957175 1201.619691 1350.177280 1508.980120 1684.245447 2308.356785 2734.353760 3017.337325 3488.585005 3817.533831 5336.303363 11548.11105 21926.38226 23076.44202 49205.54421 755333.9908
