    unsorted:	 0.4429557505 0.1746076452 0.04234867216 2.988518722 3.878455915 6.865551945 10.13466181 14.05251058 12.75253819 21.64830007 30.79462402 46.86776145 67.65924589 125.8869265 153.1740918 229.1541870 345.0527708 575.5625785 665.0967073 1199.887962 1095.468092 2005.510084 2351.948741 2651.616636 3356.227471 5242.788513 6625.672810 333207.4311
      sorted:	 0.04234867216 0.1746076452 0.4429557505 2.988518722 3.878455915 6.865551945 10.13466181 12.75253819 14.05251058 21.64830007 30.79462402 46.86776145 67.65924589 125.8869265 153.1740918 229.1541870 345.0527708 575.5625785 665.0967073 1095.468092 1199.887962 2005.510084 2351.948741 2651.616636 3356.227471 5242.788513 6625.672810 333207.4311
